A_id,B_id
1001,3171
1004,183
1007,3518
101,607
1013,894
1022,1603
1022,1670
1031,2027
1037,2310
104,202
1040,536
1043,2174
1046,551
1052,2335
1055,2876
1061,2851
1064,2951
1064,3717
1064,1636
1064,602
1067,744
107,566
1070,2675
1070,3792
1070,2598
1070,1933
1070,1636
1070,1759
1070,1201
1073,3381
1079,338
1085,811
1088,28
1091,3176
1094,791
1097,1780
110,609
110,3026
1100,442
1103,2633
1103,3021
1106,3606
1109,704
1112,3190
1115,3456
1115,2670
1118,1848
1121,2508
1124,2531
1127,1651
113,439
1133,3515
1136,928
1136,748
1145,3353
1154,1868
1157,342
116,2623
116,1195
1160,3181
1163,1289
1166,1879
1169,3004
1181,159
1184,683
1184,1298
1187,2846
119,1250
1193,3173
1199,3125
1202,2895
1208,3601
1217,1056
1226,1946
1232,1008
1235,715
1244,1584
125,420
1253,1453
1256,569
1262,3086
1265,3542
1268,1613
128,1524
1280,163
1280,3449
1283,1728
1286,3370
1289,2090
1292,2295
1292,264
1292,3399
1295,2595
1298,2632
1301,2774
1307,1060
131,212
131,3145
1313,2199
1316,3352
1319,1373
1322,2333
1325,3303
1331,2623
1331,949
1331,1206
134,1074
134,3798
1340,3522
1343,2954
1346,2612
1355,3208
1355,3636
1355,1665
1361,3815
1367,306
137,2069
1370,628
1373,558
1376,2682
1382,1226
1385,2739
1391,3389
1397,1304
14,44
140,93
1400,2399
1403,3141
1406,783
1424,2723
1427,10
1427,1759
1427,2082
1427,1201
1427,2675
1427,3792
143,641
1433,3670
1436,3017
1436,1528
1439,1808
1442,797
1445,3838
1451,746
1454,3288
1457,1218
1463,1870
1466,2322
1469,1122
1472,2037
1475,1805
1481,3517
149,1499
1490,1192
1493,609
1493,1923
1493,2598
1496,1444
1502,2281
1505,532
1508,3748
1511,1815
1511,825
1514,1109
1517,1587
152,131
1520,2836
1523,82
1529,1042
1529,1083
1532,1065
1535,2740
1541,3326
1541,3839
1544,666
1547,828
155,407
1562,1727
1565,1189
1568,433
1571,2486
1577,3259
1577,1833
158,647
1580,1183
1592,2484
1595,1395
1598,2815
1601,3261
1604,1175
1607,902
161,449
1610,3543
1613,2701
1613,1229
1616,215
1619,980
1622,572
1628,1495
1631,2662
1637,2003
164,1936
1640,999
1640,198
1643,2688
1646,2993
1649,819
1652,2539
1655,544
1664,3857
1664,3210
1667,966
167,219
1670,1715
1676,1959
1682,2095
1685,3075
1685,2472
1685,3537
17,375
170,234
1709,2242
1715,1082
1721,1927
1727,109
173,809
1739,1018
1742,402
1751,1929
1754,745
1757,1815
1760,3047
1766,2839
1769,308
1772,2023
1775,343
1784,2129
1787,595
179,32
1790,1380
1790,2237
1802,2663
1805,1737
1808,759
1814,3790
1817,2963
182,2001
182,663
182,328
182,2115
1820,3376
1823,862
1826,1943
1829,1814
1832,329
1835,548
1838,1678
1844,2687
185,374
1850,2860
1850,2391
1853,1433
1856,767
1859,263
1865,1649
1868,1739
1871,3525
1874,2875
1877,1114
1880,214
1880,1602
1880,2962
1880,2791
1892,1963
1901,1406
191,436
1910,1896
1910,468
1910,3026
1919,3217
1922,3310
1925,1405
1928,3268
1934,183
1934,2094
1937,1155
194,364
1946,3638
1949,2042
1949,668
1952,3174
1958,1421
1961,3192
1964,2708
1967,774
1967,1656
197,490
1973,1969
1982,2849
1985,609
1985,426
1985,2116
1988,1921
1994,1167
2,42
20,75
200,33
2000,2942
2000,2602
2003,1578
2012,2536
2015,2258
2015,854
2018,1798
203,522
2030,2901
2036,3421
2036,2229
2036,1903
2036,2158
2039,2033
2042,2229
2048,553
206,1136
2060,3700
2078,3036
2087,1812
209,844
209,454
209,2944
2090,549
2099,2614
2102,2675
2102,3792
2102,533
2105,2438
2111,2263
2114,3439
2117,3717
2117,2675
2117,1201
212,337
2120,3737
2123,174
2126,1438
2129,3135
2132,3340
2132,2332
2135,1866
2138,2877
2144,3797
2150,2303
2153,1631
2165,255
2165,1992
2171,2041
2174,2105
218,222
2180,2669
2183,973
2183,690
2183,1922
2183,3537
2183,2472
2183,3075
2186,2917
2192,3404
2195,2666
2201,691
2207,2446
221,283
2210,3514
2225,3164
2231,1901
2234,2721
224,304
2243,2451
2246,161
2249,3229
2258,3803
2264,3610
2264,3645
2264,2330
2264,2332
2264,2171
2267,1734
227,973
2279,3343
2285,2940
2288,2040
2294,2476
2297,72
23,121
230,316
2303,2584
2312,1203
2315,298
2318,1806
2321,2332
2321,2330
2324,2983
2324,3003
2327,375
233,1139
2333,1899
2339,2066
2339,1511
2339,2724
2342,3442
2345,3077
2354,1789
2357,3645
2357,1349
2357,915
236,971
2363,1152
2375,2424
2378,3148
2378,2868
2378,2355
2378,459
2378,1917
2378,1983
2381,1836
2387,2274
239,1763
2390,846
2393,3275
2405,518
2414,1275
242,1661
2420,1809
2420,1085
2420,2065
2426,1341
2429,2932
2438,908
245,56
2456,312
2462,2329
2465,2288
2468,2541
2474,1131
2477,1108
248,1066
2483,2535
2492,3616
2495,1658
2507,2045
251,391
251,441
2513,3109
2516,1612
2519,3768
2522,1674
2525,2691
2531,250
2534,594
254,686
2543,3713
2549,2893
2552,3725
2555,1430
2561,3705
2567,1326
257,2192
2570,2096
2573,3122
2579,1851
2579,1417
2585,2996
2597,1349
2597,915
2597,615
26,639
260,135
260,2
260,138
2600,689
2606,3281
2618,2014
2618,2337
2621,3508
263,2349
263,1278
2630,2275
2630,1292
2633,2796
2639,172
2639,2188
2642,458
2642,916
2648,2564
2654,1002
2657,2294
266,769
266,1983
2660,1123
2663,2689
2666,2828
2675,2542
2675,3456
2678,762
2681,2259
2684,1653
2684,604
269,1525
269,1511
2693,901
2699,2821
2702,1742
2705,2270
2708,1909
2714,1622
272,261
2723,2531
2723,2218
2726,1636
2726,1759
2726,1933
2726,1201
2726,2675
2726,3717
2741,2146
2744,767
275,1547
2756,3680
2762,3034
2771,617
2777,3822
278,1169
278,253
278,1689
2783,597
2789,2573
2789,2962
2792,1153
2798,901
2804,433
2807,2368
281,411
281,134
2810,3339
2816,2296
2819,2900
2825,1055
2828,1789
2831,2249
2834,3555
2834,1643
2834,604
284,833
2846,2415
2852,3005
2858,1861
2861,2979
2864,1752
2867,2447
287,418
2873,3867
2876,671
2879,844
2879,2944
2891,3318
2894,2357
290,810
2900,3745
2906,2059
2915,2197
2921,1409
2942,281
2945,988
2945,675
2948,3619
2948,2323
2951,2522
2954,2224
296,229
2960,3775
2969,3769
2975,2568
2978,2252
2981,2926
2984,520
299,186
2990,1536
3002,284
3005,2825
3023,1519
3023,2962
3026,3554
3038,3208
3041,2175
3044,1991
3047,2172
305,742
3050,2081
3056,3378
3062,600
3068,3399
3068,957
3074,3441
3077,166
3077,312
308,1372
3083,1347
3089,2208
3092,787
3104,2289
3104,3778
311,335
3119,2396
3119,736
3119,2363
3128,1803
3134,576
314,1920
314,1480
3140,758
3155,1522
3167,2764
317,1928
3170,2212
3173,3144
3194,2671
32,742
32,183
320,1809
320,1960
320,2569
3200,3025
3203,446
3212,105
3227,445
323,123
3230,2307
3236,1086
3236,901
3248,3777
3257,2289
3260,3258
3263,2230
3266,441
3269,882
3275,1976
3278,3717
3284,686
3287,2983
329,138
329,2
3290,3789
3290,2066
3302,1012
3311,2827
3320,3127
3326,3266
3335,741
3335,2333
3335,1217
3335,3184
3338,2645
3341,3221
3347,2606
335,223
3368,1855
3374,209
3377,3831
338,2872
338,1588
3389,766
3395,604
3398,1068
341,111
3410,2963
3419,3772
3422,2645
3422,2582
344,1330
35,117
350,3084
3509,3229
3509,3191
3524,3338
353,739
3530,1562
3530,137
3533,2680
3536,3043
3539,3465
3557,2920
356,1952
3566,3413
3575,3744
3578,2785
359,2207
359,3126
3590,725
3602,3442
3605,1840
362,2273
3620,2330
3623,2341
3626,2207
3626,1234
3626,3833
3626,3826
3626,2538
3632,2977
3635,583
3635,2970
3638,3297
3647,1997
3650,456
3668,3144
368,1072
3680,1234
3680,2207
3680,3826
3680,3833
3680,2538
3692,397
3701,2860
3707,347
3722,248
3725,3874
3737,2446
374,110
3752,2350
3752,3197
3752,2860
3764,3420
3767,3800
377,307
3779,2422
38,1439
380,286
3803,1847
3812,591
3812,204
3818,2742
3827,1588
3827,742
383,1945
3836,2631
3848,1799
3851,3193
386,560
3869,190
3875,1367
3881,2332
3881,2330
3881,3144
3881,3610
3884,3451
3887,742
389,3456
389,1747
3893,1295
3899,2967
3914,3426
3914,1206
392,3207
392,198
392,1992
3920,3585
3923,2364
395,1375
3953,3157
3965,2371
3968,1978
3971,2873
3971,2792
3971,2377
3977,2453
398,2461
3980,3862
3980,1900
3980,769
3983,1749
3995,1101
401,2165
404,2583
41,406
413,478
419,1543
422,2267
425,3283
428,2379
431,492
434,3497
437,470
44,527
440,981
446,567
449,730
452,834
455,2265
458,1904
461,272
464,2087
467,1654
47,170
473,314
476,1352
479,2872
482,923
485,955
488,226
491,1618
494,3786
497,749
5,178
50,200
500,968
503,349
503,453
506,2207
506,1234
506,3833
506,2538
506,3826
509,2209
512,3649
518,2620
521,2408
524,1186
53,77
530,1143
533,175
536,1529
539,954
542,1597
548,2086
551,1708
554,97
56,62
560,3327
563,1607
566,650
569,1052
575,1935
578,2116
581,248
584,1679
584,1917
587,1665
587,3208
59,790
590,2421
590,2282
590,1769
593,823
593,2623
596,2421
599,206
602,1022
605,781
608,1876
611,2738
62,1074
62,881
620,3584
623,1000
626,2243
632,1639
635,502
638,2124
641,2419
647,3319
65,60
650,1459
656,746
656,1209
659,1992
659,658
662,3326
671,1166
674,760
677,2675
677,1201
677,1933
68,41
680,1036
680,3348
683,153
686,408
692,459
692,736
692,2323
692,2868
698,2343
701,1019
701,1299
701,756
704,3477
704,383
704,566
707,1563
71,352
710,2049
713,176
716,1385
725,2047
728,347
731,211
734,2108
737,151
74,1273
74,764
740,1378
752,3688
755,967
758,2445
764,2351
767,2156
77,330
77,3026
776,1452
779,1011
782,2115
782,356
788,2150
791,1759
791,3462
794,2232
80,357
80,3259
806,1679
809,1173
812,2909
812,2833
812,2151
815,1246
818,982
821,1116
824,3518
824,3530
827,474
83,530
830,1113
833,1044
836,1766
839,2838
842,2939
845,467
848,890
854,1558
857,1117
86,225
860,1279
860,2963
866,802
869,1344
869,1781
872,573
878,3053
881,1230
887,821
89,194
89,409
893,918
893,683
896,743
899,3375
902,2344
905,1770
908,53
914,1958
914,2668
917,1576
92,584
920,1215
923,171
923,1705
923,462
926,1091
929,2985
932,753
935,2321
941,827
95,3259
95,479
950,3675
953,1429
956,1510
959,1454
962,2754
965,1777
971,3585
971,3826
971,3833
971,3349
971,1234
971,2207
974,334
974,1602
977,3139
98,589
980,1435
980,1773
980,2602
983,3627
986,1247
995,1214
0,171
1002,1040
1005,1951
1008,2203
1011,1555
1014,1411
1017,2113
102,425
1020,2092
1026,3518
1026,3399
1026,957
1029,2436
1032,1357
1035,373
1038,2878
1041,1340
1044,3701
1047,1900
105,225
105,93
105,78
1050,2255
1053,2707
1056,885
1059,1308
1062,1017
1065,318
1068,1269
1071,1284
1074,877
108,270
1080,1505
1083,3684
1089,2316
1092,1039
1098,2710
1101,1353
1104,1989
111,631
1110,1447
1113,2171
1119,1291
1122,1404
1125,636
1131,642
1137,2125
114,1349
114,1201
114,2675
1140,2795
1140,361
1140,697
1143,3145
1152,992
1155,2603
1164,556
117,213
117,216
1170,3498
1173,290
1176,621
1179,557
1182,1915
1185,1554
1191,3304
120,241
1203,489
1206,3654
1206,2531
1206,1691
1209,2918
1212,1063
1218,697
1224,1874
123,194
123,844
123,2944
1230,1695
1233,1274
1236,3371
1242,782
1245,1567
1248,517
1251,997
1254,2921
1257,896
126,12
1260,2402
1263,688
1272,289
1272,1608
1275,2951
1275,3717
1278,3459
1284,1197
1287,2173
129,3821
1293,1713
1296,2588
1299,3368
1302,2558
1305,2534
1308,1003
1317,2494
1320,2975
1323,3302
1326,1518
1332,480
1335,1489
1338,3196
1341,2962
1341,2573
1341,214
1341,1519
1344,3603
1347,2808
135,197
1350,2009
1356,2308
1359,1208
1362,1457
1371,2353
1374,1621
138,369
138,396
1380,462
1383,2019
1386,3424
1389,778
1389,1238
1392,921
1395,2504
141,204
1410,1530
1413,1201
1413,1759
1413,2066
1413,2675
1425,528
1434,2675
1434,1759
1434,1688
1434,1933
1434,533
1437,1845
1437,2553
144,85
1440,986
1440,2404
1443,1754
1446,1493
1449,1157
1449,2349
1452,3179
1452,1689
1452,1318
1455,4
1461,2276
1461,1062
1464,2885
1467,1697
147,817
1473,495
1476,577
1479,3414
1482,1174
1485,398
1491,1616
1494,1984
15,253
1500,917
1506,1955
1509,2358
1518,2657
1521,2899
1524,1710
1527,578
153,1846
1530,3654
1533,3179
1533,1318
1533,1689
1536,483
1539,683
1539,918
1542,3179
1548,1540
1551,1164
156,142
1569,3660
1572,2675
1572,1201
1572,1169
1572,1410
1572,393
1578,911
1587,2930
159,1471
159,179
1590,447
1593,1476
1593,2569
1593,3585
1599,1420
1602,1636
1602,1062
1602,3792
1602,3265
1602,2598
1608,1059
162,763
1620,622
1629,2702
1635,732
1641,394
1647,1196
165,2
165,135
165,138
1650,2997
1653,2534
1656,1163
1659,28
1662,892
1665,2929
1668,2058
1668,794
1674,2819
1674,150
168,1245
1686,3884
1692,1582
1695,3189
1698,3706
1701,2786
171,963
1710,506
1713,1865
1713,2534
1716,2051
1719,192
1725,2887
1728,729
1734,2995
1740,1702
1743,2506
1761,1511
1764,2194
1767,768
177,383
177,566
1770,2103
1776,1427
1785,2943
1794,2443
1797,256
18,771
180,1672
1803,2339
1806,3366
1809,1820
1818,3223
1824,3619
1824,248
1827,1717
1836,2191
1842,1041
1845,1300
1851,2467
1854,661
186,1703
1863,1752
1866,2576
1869,2117
1875,2361
1878,2478
189,232
1893,1638
1908,2924
1914,3707
192,100
1926,3151
1929,2693
1932,701
1935,644
1941,95
1944,940
1947,659
195,456
1956,2987
1959,3654
1965,2637
1968,1370
1977,339
198,830
1989,1160
1992,30
2004,1794
2007,1789
201,344
2010,1521
2016,23
2028,235
2037,1075
2037,3442
204,305
2040,430
2040,291
2046,3575
2049,534
2055,393
2055,1735
2061,1933
2064,2454
2064,2282
207,2256
2070,3562
2079,3114
2088,3311
2094,2714
2097,2139
21,273
21,392
210,363
2100,3262
2103,835
2106,2434
2109,970
2112,2776
2115,2881
2121,568
2124,2452
213,481
213,963
2130,930
2130,2451
2133,1217
2139,3085
2142,871
2145,986
2145,893
2145,2569
2151,1863
2157,494
216,120
2166,2749
2172,2269
2175,1813
2178,662
2178,218
2181,1033
2187,3344
219,244
2199,3580
2217,2160
222,254
2220,3673
2226,2569
2226,2784
2226,893
2226,312
2226,1735
2226,1809
2226,1960
2226,986
2232,1745
2235,2544
2241,3263
2241,2336
2244,3463
2247,1830
225,83
2265,1195
2268,3427
2274,3168
2277,3598
228,542
2280,210
2292,964
2298,1617
2301,3398
2313,132
2313,826
2316,1486
2325,2007
234,772
2343,1138
2346,2392
2349,519
2355,2623
2355,1272
2355,1238
2358,734
2361,775
2361,2684
2361,3089
2364,3079
237,1677
237,876
2370,3051
2376,469
2382,3002
2388,1516
2394,2675
2394,3237
2394,10
2394,1759
24,87
240,1890
2400,2630
2403,3739
2406,3349
2406,975
2409,482
2418,2158
2421,2868
2421,2531
2424,3362
2424,3370
2427,543
2430,1585
2433,3013
2439,2130
2442,2469
2448,3583
2457,3468
246,228
2466,1075
2478,3564
2481,2856
2484,780
2487,3473
249,989
2490,2756
2505,3731
2508,3330
2517,988
252,1388
2520,2284
2523,3059
2526,2569
2529,1015
2529,2538
2538,3612
2541,2202
2544,3298
255,1449
2550,3335
2553,3411
2556,874
2559,336
2562,2140
2574,3646
2577,1105
258,665
2592,2364
2595,3104
2598,1026
2601,634
261,264
2613,3530
2616,868
2628,3187
2631,3158
2637,1826
264,842
2652,1914
2655,3702
267,119
2676,410
2679,742
2694,3872
270,1947
2700,3513
2703,3827
2721,1975
2724,1416
273,429
2736,3548
2739,3331
2745,1660
2754,105
2754,935
276,996
2760,1501
2763,359
2763,3551
2772,1251
2787,2228
2787,2237
2796,2448
2796,2680
2805,488
2811,945
2814,2074
282,1758
2823,2036
2826,1802
2829,512
2838,3233
285,2002
2853,993
2856,1431
2862,713
2865,2605
2877,3433
288,400
2889,641
2889,2493
2898,1386
2907,2962
2907,1602
291,2245
2913,669
2916,3119
2916,3249
2919,1731
2928,1682
2931,1679
2931,2868
294,86
2940,3024
2943,1305
2958,2260
2964,2732
297,2253
297,1898
2985,370
2988,3724
2991,2604
2994,3820
2997,2013
3,9
30,160
300,2137
3015,1331
3018,740
3018,551
3018,695
3018,1931
3018,3619
3024,769
3024,3862
3027,2403
303,616
3030,2957
3033,1355
3039,3056
3045,1836
3048,2066
3048,1511
3048,2724
3051,2724
3051,1511
3051,837
3054,3293
3057,419
306,2254
3078,1314
3081,16
3087,1542
309,1141
3108,1418
3111,236
3111,1359
3111,1679
3117,2377
312,637
312,3538
3129,2520
3135,1238
3138,2951
3138,556
3138,2364
315,1498
3150,3115
3159,533
3159,2691
3168,2653
3171,1771
3174,2712
318,1045
3180,2886
3186,1201
3198,2570
321,1663
3213,3097
3216,2675
3216,1201
3225,1396
3234,1679
3237,1134
324,587
3264,2809
3267,3188
3291,71
33,524
33,353
330,3847
3309,3690
333,221
3336,1958
3339,3520
3342,1223
3345,2750
336,294
3363,1287
3369,1260
3375,3891
3375,619
3384,3163
339,438
3390,3778
3396,690
3396,973
3396,2472
3396,3075
3411,1967
3417,897
342,1964
3420,3367
3438,1944
3444,3693
3444,1922
3444,690
345,1193
3465,878
3477,1844
348,6
3480,1880
3489,3756
3492,2587
3498,1390
351,390
3513,1482
3525,3205
3528,2864
3531,3379
354,1414
3543,3018
3558,2757
357,2281
357,2233
3570,2137
3582,1671
3591,3469
36,1
360,984
3600,2217
3609,2812
3618,856
3621,3563
363,546
3633,2416
3636,1053
3639,3332
3642,396
366,3870
3660,2611
3666,2971
3666,60
3669,680
3684,132
3684,253
369,1089
3696,516
3705,341
3705,935
3705,2989
3714,2034
3717,2792
372,2084
3720,1256
3723,2915
3729,822
3729,1343
3744,468
375,417
375,1121
375,746
3750,1797
3753,2376
378,695
3780,2958
3786,2477
3801,1983
381,1417
3831,1425
384,879
3840,13
3843,2526
3852,1368
387,1995
3888,2088
3888,641
3891,1296
3894,1888
3897,3545
39,3180
390,599
3900,2101
3903,2945
3918,313
3939,2617
3957,101
396,867
3960,2205
3963,3225
3966,3789
3966,1789
3969,2273
3984,3619
3984,1931
3984,740
3984,695
399,1534
402,3495
405,148
408,3585
408,1586
411,676
414,47
42,91
420,935
420,341
423,1381
429,107
432,154
435,368
438,1920
438,1480
441,2183
441,34
444,500
447,2189
450,822
450,438
453,813
456,3075
456,3537
456,2472
456,2275
456,2161
456,970
462,1456
465,3493
471,2827
474,2962
474,640
48,112
486,674
489,1130
489,1459
492,471
495,662
498,432
501,1262
504,1996
507,2914
51,1049
513,3624
516,404
519,1236
522,951
525,1412
528,207
534,1042
534,1083
537,2773
543,540
546,2021
549,832
552,698
555,291
555,430
558,422
561,2574
564,2760
564,3456
564,3808
564,2701
564,2784
564,2363
567,38
57,165
570,3394
573,1679
573,3148
576,977
576,57
579,798
582,3819
585,1755
591,724
591,1029
594,499
597,1127
6,35
60,76
60,147
600,2394
603,3
606,3661
609,3019
612,1038
615,978
618,3723
618,2337
624,2527
627,359
630,1025
636,3713
639,1930
642,755
645,357
645,679
651,3362
654,1088
657,3824
66,2944
66,844
66,443
663,750
666,312
666,1735
666,458
672,1926
675,866
678,417
681,709
684,2109
687,457
69,139
690,3376
693,1506
696,115
705,747
708,2928
711,2675
711,3857
711,1201
711,1759
711,10
714,2147
72,65
72,1689
72,118
72,285
720,2206
723,1711
729,395
732,3434
735,514
738,664
741,696
741,1138
741,3026
747,1267
75,65
75,285
753,2145
756,1719
771,1532
774,475
774,1130
777,1671
78,345
786,1211
789,2747
792,84
798,102
798,2313
798,1900
798,3182
798,2582
798,2645
804,311
807,1079
81,239
810,3273
819,1828
822,201
825,1019
825,1176
828,2411
831,2171
837,1377
84,103
843,648
849,903
855,261
855,509
858,1611
861,2282
864,1765
867,20
87,1845
87,180
870,358
873,844
873,443
876,59
882,1825
885,995
888,3259
891,3395
894,2317
897,455
9,132
90,196
90,93
900,451
900,102
903,271
906,2500
909,3811
912,3222
915,2403
915,3747
915,598
918,3102
924,2144
927,253
930,3391
933,464
936,2496
939,2607
939,2532
942,2734
951,725
951,1599
954,3001
957,608
96,1898
960,1064
966,2154
978,262
981,1789
984,2607
987,2760
987,2701
99,89
990,1788
993,873
996,275
1,122
10,920
100,414
1000,1922
1003,2736
1006,1533
1015,5
1018,2793
1018,3182
1024,3585
1024,2784
1024,2569
1024,1085
1024,1809
1024,1960
1027,2377
1027,539
103,575
103,213
1033,1455
1036,1146
1039,1292
1042,2566
1042,2633
1045,820
1048,1858
1054,3653
1057,251
106,158
1060,752
1063,1598
1069,1112
1078,3887
1078,334
1081,2695
1084,2441
109,367
109,35
1093,214
1093,1602
1096,1687
1102,905
1102,2119
1105,3137
1108,3717
1108,602
1111,1588
1111,3253
1114,555
1117,1047
112,635
1120,1886
1126,2685
1132,682
1132,1992
1135,3447
1138,756
1141,593
1147,941
115,3026
1156,214
1156,334
1156,1602
1156,185
1156,2540
1159,2862
1162,1596
1171,562
1177,3474
118,1050
1183,845
1186,2299
1192,3150
1195,3226
1204,3178
1207,1076
121,93
121,236
1210,268
1213,3049
1216,1451
1222,3358
1225,786
1228,1217
1228,3075
1228,2472
1228,3537
1231,2077
1234,2186
1237,1873
1237,930
124,273
124,114
124,392
1240,230
1243,3780
1246,3062
1246,1813
1246,947
1252,2057
1255,1178
1264,1401
1267,3373
127,333
1270,2102
1279,625
1282,3875
1288,2550
13,288
13,2036
130,265
1300,838
1303,422
1306,777
1315,1615
1321,3573
1324,2989
1327,3202
133,724
1330,943
1333,3655
1339,1760
1342,2067
1345,3789
1348,1664
1354,1841
1357,1654
136,3592
1366,888
1375,2324
1381,2432
1390,2762
1393,1860
1402,2104
1405,629
1405,742
1411,257
1414,1239
142,1706
1426,2675
1426,1201
1429,269
1432,958
1435,133
1435,1500
1438,3619
1438,1000
1438,287
1441,987
1444,574
1447,3050
145,1511
145,2214
1453,278
1456,0
1459,580
1462,1436
1465,2491
1474,2355
1477,1098
148,210
1480,243
1486,3312
1492,564
1498,2429
1501,3061
1501,677
1507,3785
151,1206
1510,3647
1516,2439
1519,1407
1522,3070
1525,386
1528,1593
1528,1519
1528,2962
1531,3385
1531,3040
1531,388
1531,658
1537,2148
154,96
1543,2217
1546,2465
1549,2903
1552,2004
1555,1156
1558,829
1564,2794
157,104
1570,1361
1579,3743
1582,1795
1582,2166
1585,3239
1591,1824
1597,1356
16,554
16,425
160,776
1600,3813
1603,1351
1606,1282
1618,3674
1618,2403
1621,2028
1624,3301
1627,1013
163,465
1630,948
1636,3504
1642,150
1648,1548
1654,3287
1657,3370
166,434
1669,605
1672,1545
1678,181
1687,1971
169,31
1693,1590
1702,1853
1711,1981
1714,1271
172,37
1726,2268
1729,2529
1735,1699
1738,253
1741,706
1747,1722
1747,3466
175,49
1750,46
1753,2793
1771,376
178,130
1783,652
1786,2390
1789,721
1792,1104
1792,2691
1795,3212
1798,2948
1807,2248
181,836
1813,3808
1816,3372
1822,2675
1822,3717
1822,1201
1822,1933
1822,1058
1822,1636
1825,2624
1831,3385
1834,3610
1837,2426
1843,1873
1846,3810
1849,2694
1852,3315
1855,2547
1861,66
1864,258
1867,3443
187,812
1870,2832
1873,347
1876,1805
1879,3376
1879,3651
1888,2348
1891,3741
1894,340
1897,292
1897,935
1897,2830
19,1689
19,285
19,118
190,399
1909,1120
1912,1723
1915,2128
1921,2692
193,1854
193,153
1939,3438
1942,3448
1948,3289
1951,2872
1954,1106
1957,3410
196,705
1960,1586
1960,1085
1960,2582
1966,2464
1969,1384
1972,127
1975,261
1978,2495
1984,3444
199,129
1996,3529
1999,2820
1999,521
2002,1190
2011,1111
2017,1062
2017,1058
2017,1636
2017,797
2017,2662
2017,3717
2017,2951
2017,2622
202,711
2026,1564
2029,793
2047,3633
205,970
205,713
2062,2083
2071,939
2074,1441
2077,3235
208,1283
2080,2711
2083,1980
2089,2275
2089,970
2092,3461
2104,2405
211,315
2119,1903
2122,2890
2137,1908
214,273
214,114
2140,1679
2152,641
2155,2840
2161,1744
2164,1137
2167,1712
217,717
2170,1849
2179,3265
2179,2598
2182,208
2191,1070
22,124
220,17
2200,2204
2212,2911
2215,714
2218,1334
2224,1494
223,355
2233,2567
2245,766
2251,2519
226,259
2260,1562
2260,1679
2287,1519
2287,2573
2287,2791
2287,2962
2287,2422
229,1273
2290,690
2290,675
2290,3537
2290,3075
2290,2472
2293,1595
2296,2324
2296,1653
2296,334
2302,240
232,351
2323,2331
2332,1265
2332,910
2338,189
2341,1244
2344,2201
2347,2699
235,1310
2353,1762
2359,3626
2362,2215
2368,533
2368,1759
2368,2675
2374,2578
2377,1600
238,1337
238,301
2392,2552
2395,2589
2398,2451
2398,480
2401,3241
2404,1834
2410,907
2419,141
2425,3383
2440,409
2446,1594
2449,3496
2452,2936
2455,799
2458,1818
2467,3589
247,63
2470,2324
2470,2409
2482,2744
2488,2395
2491,1528
2494,2210
25,1099
2503,2554
2503,1020
2506,1992
2506,1511
2527,3551
2527,359
253,1680
2530,1614
2533,3536
2536,3331
2536,3110
2542,1484
2545,2586
2554,90
256,1383
2563,1854
2572,3856
2575,2560
2587,2645
2587,3585
2587,1085
2587,1586
259,2585
2590,3776
2593,319
2608,2783
2611,2038
2617,2850
262,198
2626,1408
2641,2804
2644,81
265,276
2653,1672
2659,3516
2665,473
2674,3576
2677,2763
268,972
2680,2115
2683,660
2686,3560
2692,3578
2701,1907
2707,332
271,242
2710,719
2716,1627
2716,2645
2719,571
2725,610
2725,2333
2731,2670
2731,3822
2731,515
274,584
274,2188
2749,2283
2752,1529
2758,986
2758,1735
2758,1809
2758,1960
2758,312
2758,893
2758,2784
2758,2569
2764,3107
2767,2112
277,2346
2779,2981
2782,938
28,913
280,15
2800,1062
2800,1636
2800,3026
2800,2598
2803,125
2803,1169
2809,2330
2809,1636
2809,3610
2809,2598
2815,26
2815,564
2821,2760
2821,2701
2824,3623
2830,655
2836,3740
2842,1641
2848,3484
2857,1940
286,3621
2866,3678
2869,1318
2869,1689
2872,947
2872,1833
2875,140
2884,1228
289,2672
2899,3840
2902,3227
2911,1933
2911,1062
2911,2364
2911,1058
2911,556
2911,1201
2911,1636
2911,1759
2911,2118
2911,3792
2911,2598
2911,2675
2911,3717
2917,2372
292,205
2923,521
2923,209
2929,1967
2941,1742
2944,896
295,418
295,412
2950,3639
2965,2891
2968,1028
2974,190
2974,2077
298,327
2980,2398
2992,1836
2992,1020
2995,2581
2998,3401
3001,1750
3001,1187
3004,2171
3007,3585
3007,3645
3007,2783
3007,2332
3007,2330
301,1021
3010,1679
3010,1333
3025,1793
3028,893
3028,1586
3028,1960
3028,1085
3028,1476
3028,2645
3028,2401
3028,3585
3034,1759
3034,10
3034,1349
3034,1201
3034,2675
3037,2412
304,2540
3043,2973
3043,1368
3061,1647
307,1243
307,1203
3073,647
3079,1787
31,51
310,626
3109,2184
3112,3153
3118,581
3124,852
3127,682
313,976
3136,188
3154,2843
316,526
3166,3608
3169,1400
3172,1019
3181,1517
3184,3654
3187,3889
319,365
3190,3199
3193,2667
322,22
3220,3544
3223,2962
3226,3143
3229,803
3244,2962
3244,3889
3244,2422
325,3590
3250,454
3250,3194
3256,2218
3256,1043
3262,709
3262,2315
3268,3000
328,613
3283,206
3286,1987
3289,915
3289,1349
3289,249
3289,2573
3289,2579
3301,3064
331,1354
3310,3167
3313,1217
3313,3307
3325,3490
3328,3527
334,915
3340,3063
3355,2538
3355,3826
3355,3833
3355,1203
3379,1411
3379,3115
3397,1867
34,441
340,1657
3400,1983
3400,3148
3403,245
3409,1881
3409,591
3409,916
3412,1321
3421,2573
3421,1177
3424,662
343,887
3442,2323
3442,658
3442,388
3442,3040
3442,3644
346,1147
3460,3078
3466,2176
3484,3445
3484,1472
3514,1265
3514,3210
352,1181
3526,3753
3535,3704
3541,1573
355,663
3565,2005
3571,1413
3571,300
3574,1365
358,2375
3583,1742
3592,60
3601,2157
361,1531
3610,886
3613,3307
3625,2609
3631,1775
364,2431
3643,1187
3652,2516
3661,3585
3661,2642
3664,629
3664,742
3664,978
3667,742
3667,978
367,854
3670,2731
3685,1603
370,323
3700,1602
3700,2573
3700,2962
3703,3169
3703,3804
3706,1581
3721,1910
3727,3628
3727,1795
373,1488
3736,2511
3742,2056
3745,1515
3757,1588
376,731
3760,3184
3766,1502
3772,2393
3778,3039
3787,3148
3787,1679
3790,1254
3793,2471
3796,508
3799,2343
3802,2384
3811,1562
3811,1679
3811,1333
3817,2760
3817,2701
3817,1229
3820,3285
3823,3736
3826,3180
3826,1773
3832,3727
3841,2225
385,1235
3850,2364
3850,1508
3856,2988
3862,3510
3865,2634
3865,54
3871,3467
3874,2333
388,946
3883,2358
3907,3116
391,477
3919,2648
3925,1278
3925,1987
3925,1679
394,2136
3940,27
3943,2126
3952,2784
3952,2401
3952,3349
3952,2582
3952,2569
3952,2180
3952,986
3952,1586
3952,1960
3952,1309
3952,1476
3952,893
3952,2158
3952,1809
3967,1066
3967,1603
3967,1670
397,1884
397,2744
4,182
40,216
40,213
403,2863
406,411
409,1859
412,859
415,293
418,598
421,2978
424,1913
427,2383
43,177
430,2122
433,952
436,2123
439,612
442,3492
442,3378
445,614
448,369
451,2931
46,497
460,3295
463,559
466,1435
469,2451
469,591
472,2387
475,296
481,8
487,1157
487,949
49,179
490,1659
493,1473
496,2853
499,498
505,848
508,266
514,1014
52,11
520,2214
523,1426
529,3146
532,2048
535,1623
541,1537
544,3207
547,2001
547,328
547,663
547,2115
55,34
550,491
553,900
556,1677
559,2543
562,727
565,1442
568,2453
577,1335
58,865
586,1170
592,1129
595,3431
598,2642
598,3585
598,3421
598,2432
598,312
598,1085
598,2158
604,1487
61,88
610,638
613,385
619,853
622,588
625,143
628,423
631,507
634,994
64,58
640,303
646,2508
649,792
652,1044
652,72
658,1497
658,2817
661,2188
664,19
67,70
670,496
673,1953
676,1738
679,1565
682,901
685,2088
688,133
691,565
694,3132
697,1138
7,94
70,116
700,1102
703,869
706,1939
709,1301
712,2181
715,1040
715,162
715,3456
718,1248
721,3602
724,3112
727,1168
73,393
73,194
730,1259
733,670
733,978
736,645
739,726
742,2976
745,1869
748,3683
751,3657
754,237
757,1832
76,487
763,92
766,2334
769,2271
772,1933
775,2135
781,155
787,2338
79,545
79,3259
790,1110
793,184
799,2561
802,249
808,1394
811,1811
814,3134
817,547
82,493
820,2198
823,3719
826,253
826,1169
829,1835
832,2855
838,3788
841,2115
841,2001
841,328
841,663
844,1270
85,3259
850,1537
853,3481
859,1280
862,279
865,1141
871,1346
88,295
880,2265
880,3210
883,1144
886,770
892,1086
892,1512
895,3799
898,282
904,1024
91,144
910,2758
913,1165
919,550
922,2161
922,2882
925,2855
931,733
94,366
940,3346
946,1561
946,3340
949,1281
952,3506
958,277
961,3846
964,2597
967,855
97,480
97,823
97,3551
973,2010
976,247
979,2046
982,788
985,2999
991,199
994,1902
1536,483
3805,1376
529,744
626,2243
1326,1518
1351,1980
1235,715
1115,2670
1373,539
1000,1922
131,65
1021,1609
1286,3370
1165,1993
1204,3178
1011,1555
1018,3493
1306,777
1109,704
103,213
130,265
121,183
1094,791
1292,957
110,102
1118,1848
1913,3296
329,135
482,1221
496,2853
1383,2019
2772,701
1789,721
3798,1366
3368,1855
3335,970
2030,1243
296,1286
1013,687
207,2256
459,156
377,1381
2572,3856
124,114
1264,1401
534,2914
3024,769
1137,2232
3317,336
32,239
345,995
124,273
2886,1980
182,2001
129,1621
111,631
405,148
2040,291
3076,2799
636,3713
1803,2339
1822,1803
205,713
301,560
249,481
1578,911
183,527
1228,1217
1370,1795
3266,1503
3477,3502
3874,2307
2452,2936
1136,602
1937,1562
1991,2898
3230,2372
2579,731
19,285
2792,1149
2917,2333
2917,2307
3329,652
1772,1910
2297,1509
1140,2795
1235,1553
1726,2268
590,2421
1963,1746
260,3651
863,1994
1660,2806
1763,3147
406,411
1537,1727
40,575
1405,629
1723,3488
117,216
1393,1860
3082,611
117,575
215,859
78,183
3806,2110
2175,1813
97,1195
849,1247
545,2058
395,1375
3623,2341
576,57
407,3210
49,774
1548,1540
3422,2582
1015,5
1557,2935
2095,1502
1012,1463
953,2090
908,514
329,138
133,672
35,170
1140,697
824,3518
165,2
1231,2077
1220,1157
248,1075
1835,1540
1226,1946
119,248
1849,2112
1500,247
1152,871
173,560
650,1459
1338,3196
295,418
547,328
1512,128
2159,1765
3388,2540
1002,403
231,448
16,881
779,1011
764,1765
109,335
15,1414
2953,68
1038,3723
1401,1016
722,977
1287,2173
1127,3739
893,918
3477,440
1383,2302
864,3592
1536,2795
1109,613
116,823
314,1920
2750,2417
2426,1341
1492,26
102,554
31,34
30,3088
404,2583
251,443
381,715
1607,1060
2365,2952
438,1480
10,920
11,162
2644,792
3,14
646,2508
124,637
163,170
23,121
1870,2289
105,60
1117,3209
1562,214
3977,2453
1,122
258,248
1057,247
121,345
1718,1000
121,78
1641,1244
1328,3819
841,2115
295,926
75,285
1175,2371
616,2972
3735,2187
2041,2972
1480,438
1034,3880
573,2972
81,183
519,2972
326,3020
1739,2790
1183,3142
1015,525
623,368
119,665
290,1448
2312,818
1081,2139
1932,1251
1678,3620
432,1718
197,223
1267,3780
1,364
933,763
1056,3025
73,393
2819,2900
1298,1833
78,239
1255,3371
248,323
3078,885
2078,3036
583,1082
1419,1681
1325,2880
409,2004
260,2
1025,2527
3888,2170
1010,1810
95,590
3363,1287
165,138
2815,564
1059,1308
1435,1500
1064,3717
1008,2203
675,866
1098,2710
65,60
1637,2003
2950,3639
812,2151
1088,28
929,2985
287,418
806,3148
2555,1430
573,3148
475,349
3802,269
2846,1528
678,746
1006,3442
93,179
3039,2367
287,412
2902,3227
2707,1224
3865,2634
3910,3000
279,1037
1747,1722
356,2188
346,12
3173,3144
19,65
214,273
843,648
3381,3691
70,58
3460,3078
1218,361
377,307
1869,2749
730,1259
1203,287
3571,3392
885,1193
3404,2302
2110,3257
2485,3366
1548,2772
1312,2892
488,3365
1647,1196
1404,652
1878,2478
323,652
2085,2113
1502,2233
1827,1717
1223,3306
1870,1853
283,3308
2140,1679
3363,3636
260,138
196,705
3371,1964
153,867
1754,745
1397,1156
1550,3099
1451,2294
2009,1682
3600,3742
105,236
182,2115
3075,2679
71,441
2138,1638
34,288
930,3391
0,2479
3662,3807
372,2084
2140,3148
187,542
1487,955
680,1036
1559,1493
1093,569
2796,2174
2579,2863
168,2183
13,352
216,357
