id1,id2,matching_probability
0,171,1.0
1,122,1.0
10,920,1.0
100,414,1.0
1000,1922,1.0
1001,3171,1.0
1002,1040,1.0
1003,2736,1.0
1005,1951,1.0
1006,1533,1.0
1007,3518,1.0
1008,2203,1.0
101,607,1.0
1011,1555,1.0
1012,1463,1.0
1013,894,1.0
1014,1411,1.0
1015,5,1.0
1017,2113,1.0
1018,3182,1.0
102,425,1.0
1020,2092,1.0
1021,1609,1.0
1022,1603,1.0
1024,1809,1.0
1026,957,1.0
1027,539,1.0
1029,2436,1.0
103,575,1.0
1031,2027,1.0
1032,1357,1.0
1033,1455,1.0
1035,373,1.0
1036,1146,1.0
1037,2310,1.0
1038,2878,1.0
1039,1292,1.0
104,202,1.0
1040,536,1.0
1041,1340,1.0
1042,2566,1.0
1043,2174,1.0
1044,3701,1.0
1045,820,1.0
1046,551,1.0
1047,1900,1.0
1048,1858,1.0
105,78,1.0
1050,2255,1.0
1052,2335,1.0
1053,2707,1.0
1054,3653,1.0
1055,2876,1.0
1056,885,1.0
1057,251,1.0
1059,1308,1.0
106,158,1.0
1060,752,1.0
1061,2851,1.0
1062,1017,1.0
1063,1598,1.0
1064,3717,1.0
1065,318,1.0
1067,744,1.0
1068,1269,1.0
1069,1112,1.0
107,566,1.0
1070,1636,1.0
1071,1284,1.0
1073,3381,1.0
1074,877,1.0
1078,3887,1.0
1079,338,1.0
108,270,1.0
1080,1505,1.0
1081,2695,1.0
1083,3684,1.0
1084,2441,1.0
1085,811,1.0
1088,28,1.0
1089,2316,1.0
109,367,1.0
1091,3176,1.0
1092,1039,1.0
1093,214,1.0
1094,791,1.0
1096,1687,1.0
1097,1780,1.0
1098,2710,1.0
11,162,1.0
110,609,1.0
1100,442,1.0
1101,1353,1.0
1102,905,1.0
1103,2633,1.0
1104,1989,1.0
1105,3137,1.0
1106,3606,1.0
1108,602,1.0
1109,704,1.0
111,631,1.0
1110,1447,1.0
1111,3253,1.0
1112,3190,1.0
1113,2171,1.0
1114,555,1.0
1115,2670,1.0
1117,1047,1.0
1118,1848,1.0
1119,1291,1.0
112,635,1.0
1120,1886,1.0
1122,1404,1.0
1125,636,1.0
1126,2685,1.0
1127,1651,1.0
113,439,1.0
1131,642,1.0
1132,682,1.0
1133,3515,1.0
1135,3447,1.0
1136,928,1.0
1137,2125,1.0
1138,756,1.0
114,1349,1.0
1140,361,1.0
1141,593,1.0
1143,3145,1.0
1145,3353,1.0
1147,941,1.0
1152,992,1.0
1154,1868,1.0
1155,2603,1.0
1156,185,1.0
1157,342,1.0
1159,2862,1.0
116,1195,0.9
1160,3181,1.0
1162,1596,1.0
1163,1289,1.0
1164,556,1.0
1165,1993,1.0
1166,1879,1.0
1169,3004,1.0
117,213,1.0
1170,3498,1.0
1171,562,1.0
1173,290,1.0
1176,621,1.0
1177,3474,1.0
1179,557,1.0
118,1050,1.0
1181,159,1.0
1182,1915,1.0
1183,845,1.0
1184,1298,0.9
1185,1554,1.0
1186,2299,1.0
1187,2846,1.0
119,1250,1.0
1191,3304,1.0
1192,3150,1.0
1193,3173,1.0
1195,3226,1.0
1199,3125,1.0
120,241,1.0
1202,2895,1.0
1203,489,1.0
1204,3178,1.0
1206,2531,1.0
1207,1076,1.0
1208,3601,1.0
1209,2918,1.0
121,236,1.0
1210,268,1.0
1212,1063,1.0
1213,3049,1.0
1216,1451,1.0
1217,1056,1.0
1218,697,1.0
1222,3358,1.0
1223,3306,1.0
1224,1874,1.0
1225,786,1.0
1226,1946,1.0
1228,1217,1.0
123,194,1.0
1230,1695,1.0
1231,2077,1.0
1232,1008,1.0
1233,1274,1.0
1234,2186,1.0
1235,715,1.0
1236,3371,1.0
1237,1873,1.0
124,273,1.0
1240,230,1.0
1242,782,1.0
1243,3780,1.0
1244,1584,1.0
1245,1567,1.0
1246,3062,1.0
1248,517,1.0
125,420,1.0
1251,997,1.0
1252,2057,1.0
1253,1453,1.0
1254,2921,1.0
1255,1178,1.0
1256,569,1.0
1257,896,1.0
126,12,1.0
1260,2402,1.0
1262,3086,1.0
1263,688,1.0
1264,1401,1.0
1265,3542,1.0
1267,3373,1.0
1268,1613,1.0
127,333,1.0
1270,2102,1.0
1272,289,1.0
1275,2951,1.0
1278,3459,1.0
1279,625,1.0
128,1524,1.0
1280,163,1.0
1282,3875,1.0
1283,1728,1.0
1284,1197,1.0
1286,3370,1.0
1287,2173,1.0
1288,2550,1.0
1289,2090,1.0
129,3821,1.0
1292,2295,1.0
1293,1713,1.0
1295,2595,1.0
1296,2588,1.0
1298,2632,1.0
1299,3368,1.0
13,288,1.0
130,265,1.0
1300,838,1.0
1301,2774,1.0
1302,2558,1.0
1305,2534,1.0
1306,777,1.0
1307,1060,1.0
1308,1003,1.0
131,212,1.0
1312,2892,1.0
1313,2199,1.0
1315,1615,1.0
1316,3352,1.0
1317,2494,1.0
1319,1373,1.0
1320,2975,1.0
1321,3573,1.0
1323,3302,1.0
1324,2989,1.0
1325,3303,1.0
1326,1518,1.0
1327,3202,1.0
133,724,1.0
1330,943,1.0
1331,949,1.0
1333,3655,1.0
1335,1489,1.0
1338,3196,1.0
1339,1760,1.0
134,1074,1.0
1340,3522,1.0
1341,1519,1.0
1342,2067,1.0
1343,2954,1.0
1344,3603,1.0
1345,3789,1.0
1346,2612,1.0
1347,2808,1.0
1348,1664,1.0
135,197,1.0
1350,2009,1.0
1354,1841,1.0
1355,3208,1.0
1356,2308,1.0
1359,1208,1.0
136,3592,1.0
1361,3815,1.0
1362,1457,1.0
1366,888,1.0
1367,306,1.0
137,2069,1.0
1370,628,1.0
1371,2353,1.0
1373,558,1.0
1374,1621,1.0
1375,2324,1.0
1376,2682,1.0
1380,462,1.0
1381,2432,1.0
1382,1226,1.0
1383,2019,1.0
1385,2739,1.0
1386,3424,1.0
1389,1238,1.0
1390,2762,1.0
1391,3389,1.0
1392,921,1.0
1393,1860,1.0
1395,2504,1.0
1397,1304,0.9
14,44,1.0
140,93,1.0
1400,2399,1.0
1401,1016,1.0
1402,2104,1.0
1403,3141,1.0
1405,629,1.0
1406,783,1.0
141,204,1.0
1410,1530,1.0
1411,257,1.0
1413,2066,1.0
1414,1239,1.0
142,1706,1.0
1424,2723,1.0
1425,528,1.0
1426,2675,1.0
1427,1759,1.0
1429,269,1.0
143,641,1.0
1432,958,1.0
1433,3670,1.0
1434,1688,1.0
1435,1500,1.0
1436,3017,1.0
1437,2553,1.0
1438,287,1.0
1439,1808,1.0
144,85,1.0
1440,2404,1.0
1441,987,1.0
1442,797,1.0
1443,1754,1.0
1444,574,1.0
1445,3838,1.0
1446,1493,1.0
1447,3050,1.0
1451,746,1.0
1452,1318,1.0
1453,278,1.0
1454,3288,1.0
1455,4,1.0
1456,0,1.0
1457,1218,1.0
1461,2276,1.0
1462,1436,1.0
1463,1870,1.0
1464,2885,1.0
1465,2491,1.0
1466,2322,1.0
1467,1697,1.0
1469,1122,1.0
147,817,1.0
1472,2037,1.0
1473,495,1.0
1474,2355,1.0
1475,1805,1.0
1476,577,1.0
1477,1098,1.0
1479,3414,1.0
148,210,1.0
1480,243,1.0
1481,3517,1.0
1482,1174,1.0
1485,398,1.0
1486,3312,1.0
149,1499,1.0
1490,1192,1.0
1491,1616,1.0
1492,564,1.0
1493,1923,1.0
1494,1984,1.0
1496,1444,1.0
1498,2429,1.0
15,253,1.0
1500,917,1.0
1501,3061,1.0
1502,2281,1.0
1505,532,1.0
1506,1955,1.0
1507,3785,1.0
1509,2358,1.0
151,1206,1.0
1510,3647,1.0
1511,825,1.0
1512,128,1.0
1514,1109,1.0
1516,2439,1.0
1517,1587,1.0
1518,2657,1.0
1519,1407,1.0
152,131,1.0
1520,2836,1.0
1521,2899,1.0
1522,3070,1.0
1523,82,1.0
1524,1710,1.0
1525,386,1.0
1527,578,1.0
1528,1593,1.0
1529,1083,1.0
153,1846,1.0
1530,3654,1.0
1531,3040,1.0
1532,1065,1.0
1533,1689,1.0
1535,2740,1.0
1536,483,1.0
1537,2148,1.0
1539,918,1.0
154,96,1.0
1541,3839,1.0
1542,3179,1.0
1543,2217,1.0
1544,666,1.0
1546,2465,1.0
1547,828,1.0
1548,1540,0.9
1549,2903,1.0
155,407,1.0
1551,1164,1.0
1555,1156,1.0
1557,2935,1.0
1558,829,1.0
156,142,1.0
1562,1727,1.0
1564,2794,1.0
1565,1189,1.0
1568,433,1.0
1569,3660,1.0
157,104,1.0
1570,1361,1.0
1571,2486,1.0
1572,1410,1.0
1577,1833,1.0
1578,911,1.0
1579,3743,1.0
158,647,1.0
1580,1183,1.0
1582,1795,1.0
1585,3239,1.0
1587,2930,1.0
159,1471,1.0
1590,447,1.0
1591,1824,1.0
1592,2484,1.0
1593,1476,1.0
1595,1395,1.0
1597,1356,1.0
1598,2815,1.0
1599,1420,1.0
16,554,1.0
160,776,1.0
1600,3813,1.0
1601,3261,1.0
1602,2598,1.0
1603,1351,1.0
1604,1175,1.0
1606,1282,1.0
1607,902,1.0
1608,1059,1.0
161,449,1.0
1610,3543,1.0
1613,1229,1.0
1616,215,1.0
1618,3674,1.0
1619,980,1.0
162,763,1.0
1620,622,1.0
1621,2028,1.0
1622,572,1.0
1624,3301,1.0
1627,1013,1.0
1628,1495,1.0
1629,2702,1.0
163,465,1.0
1630,948,1.0
1631,2662,1.0
1635,732,1.0
1636,3504,1.0
1637,2003,1.0
164,1936,1.0
1640,999,1.0
1641,394,1.0
1642,150,1.0
1643,2688,1.0
1646,2993,1.0
1647,1196,1.0
1648,1548,1.0
1649,819,1.0
165,135,1.0
1650,2997,1.0
1652,2539,1.0
1654,3287,1.0
1655,544,1.0
1656,1163,1.0
166,434,1.0
1660,2806,1.0
1662,892,1.0
1665,2929,1.0
1667,966,1.0
1668,794,1.0
1669,605,1.0
167,219,1.0
1670,1715,1.0
1672,1545,1.0
1674,2819,1.0
1676,1959,1.0
1678,181,1.0
168,1245,1.0
1682,2095,1.0
1686,3884,1.0
1687,1971,1.0
169,31,1.0
1692,1582,1.0
1693,1590,1.0
1695,3189,1.0
1698,3706,1.0
17,375,1.0
170,234,1.0
1701,2786,1.0
1702,1853,1.0
1709,2242,1.0
171,963,1.0
1710,506,1.0
1711,1981,1.0
1713,1865,1.0
1714,1271,1.0
1715,1082,1.0
1716,2051,1.0
1719,192,1.0
172,37,0.9
1721,1927,1.0
1723,3488,1.0
1725,2887,1.0
1726,2268,1.0
1727,109,1.0
1728,729,1.0
1729,2529,1.0
173,809,1.0
1734,2995,1.0
1735,1699,1.0
1739,1018,1.0
1740,1702,1.0
1741,706,1.0
1742,402,1.0
1743,2506,1.0
1747,1722,1.0
175,49,1.0
1750,46,1.0
1751,1929,1.0
1753,2793,1.0
1754,745,1.0
1757,1815,1.0
1763,3147,1.0
1764,2194,1.0
1766,2839,1.0
1767,768,1.0
1769,308,1.0
177,383,1.0
1770,2103,1.0
1771,376,1.0
1772,2023,1.0
1775,343,1.0
1776,1427,1.0
178,130,1.0
1783,652,1.0
1784,2129,1.0
1785,2943,1.0
1786,2390,1.0
1787,595,1.0
1789,721,1.0
179,32,1.0
1790,1380,1.0
1792,1104,1.0
1794,2443,1.0
1795,3212,1.0
1797,256,1.0
1798,2948,1.0
18,771,1.0
180,1672,1.0
1802,2663,1.0
1803,2339,1.0
1805,1737,1.0
1806,3366,1.0
1807,2248,1.0
1808,759,1.0
1809,1820,1.0
181,836,1.0
1813,3808,1.0
1814,3790,1.0
1816,3372,1.0
1818,3223,1.0
182,328,1.0
1822,1058,1.0
1823,862,1.0
1825,2624,1.0
1826,1943,1.0
1827,1717,1.0
1829,1814,1.0
1831,3385,1.0
1832,329,1.0
1835,548,1.0
1836,2191,1.0
1837,2426,1.0
1838,1678,1.0
1842,1041,1.0
1844,2687,1.0
1845,1300,1.0
1846,3810,1.0
1849,2694,1.0
185,374,1.0
1850,2391,1.0
1851,2467,0.9
1852,3315,1.0
1853,1433,1.0
1854,661,1.0
1855,2547,1.0
1856,767,1.0
1859,263,1.0
186,1703,1.0
1861,66,1.0
1863,1752,1.0
1864,258,1.0
1865,1649,1.0
1866,2576,1.0
1867,3443,1.0
1868,1739,1.0
1869,2117,1.0
187,812,1.0
1870,2832,1.0
1871,3525,1.0
1875,2361,1.0
1877,1114,1.0
1878,2478,1.0
1880,2791,1.0
1888,2348,1.0
189,232,1.0
1891,3741,0.9
1892,1963,1.0
1893,1638,1.0
1894,340,1.0
1897,292,1.0
19,118,1.0
190,399,1.0
1901,1406,1.0
1908,2924,1.0
1909,1120,1.0
191,436,1.0
1910,1896,1.0
1912,1723,1.0
1914,3707,1.0
1915,2128,1.0
1919,3217,1.0
192,100,1.0
1921,2692,1.0
1922,3310,1.0
1925,1405,1.0
1926,3151,1.0
1928,3268,1.0
1929,2693,1.0
193,1854,1.0
1932,701,1.0
1934,2094,1.0
1935,644,1.0
1937,1155,1.0
1939,3438,1.0
194,364,1.0
1941,95,1.0
1942,3448,1.0
1944,940,1.0
1946,3638,1.0
1947,659,1.0
1948,3289,1.0
1949,2042,1.0
195,456,1.0
1952,3174,1.0
1954,1106,1.0
1956,2987,1.0
1957,3410,1.0
1958,1421,1.0
196,705,1.0
1961,3192,1.0
1963,1746,1.0
1964,2708,1.0
1965,2637,1.0
1966,2464,1.0
1967,1656,1.0
1968,1370,1.0
1969,1384,1.0
197,490,1.0
1972,127,1.0
1973,1969,1.0
1977,339,1.0
1978,2495,1.0
198,830,1.0
1982,2849,1.0
1984,3444,1.0
1985,426,1.0
1988,1921,1.0
1989,1160,1.0
199,129,1.0
1991,2898,1.0
1992,30,1.0
1994,1167,1.0
1996,3529,1.0
1999,2820,1.0
2,42,1.0
20,75,1.0
200,33,1.0
2000,2942,1.0
2002,1190,1.0
2003,1578,1.0
2004,1794,1.0
201,344,1.0
2010,1521,1.0
2011,1111,1.0
2012,2536,1.0
2015,2258,1.0
2016,23,1.0
2018,1798,1.0
202,711,1.0
2026,1564,1.0
2028,235,1.0
2029,793,1.0
203,522,1.0
2030,2901,1.0
2036,2229,1.0
2037,3442,1.0
2039,2033,1.0
204,305,1.0
2040,430,1.0
2046,3575,1.0
2047,3633,1.0
2048,553,1.0
2049,534,1.0
205,713,1.0
206,1136,1.0
2060,3700,1.0
2062,2083,1.0
2064,2454,1.0
207,2256,1.0
2070,3562,1.0
2071,939,1.0
2074,1441,1.0
2077,3235,1.0
2078,3036,1.0
2079,3114,1.0
208,1283,1.0
2080,2711,1.0
2083,1980,1.0
2087,1812,1.0
2088,3311,1.0
209,454,1.0
2090,549,1.0
2092,3461,1.0
2094,2714,1.0
2097,2139,1.0
2099,2614,1.0
21,392,1.0
210,363,1.0
2100,3262,1.0
2103,835,1.0
2104,2405,1.0
2105,2438,0.9
2106,2434,1.0
2109,970,1.0
211,315,1.0
2111,2263,1.0
2112,2776,1.0
2114,3439,1.0
2115,2881,1.0
2119,1903,1.0
212,337,1.0
2120,3737,1.0
2121,568,1.0
2122,2890,1.0
2123,174,1.0
2124,2452,1.0
2126,1438,1.0
2129,3135,1.0
213,481,1.0
2130,930,1.0
2132,3340,1.0
2135,1866,1.0
2137,1908,1.0
2138,2877,1.0
2139,3085,1.0
214,114,1.0
2142,871,1.0
2144,3797,1.0
2150,2303,1.0
2151,1863,1.0
2153,1631,1.0
2155,2840,1.0
2157,494,1.0
216,120,1.0
2161,1744,1.0
2164,1137,1.0
2165,255,1.0
2166,2749,1.0
2167,1712,1.0
217,717,1.0
2170,1849,1.0
2171,2041,1.0
2172,2269,1.0
2174,2105,1.0
2175,1813,1.0
2179,3265,1.0
218,222,1.0
2180,2669,1.0
2181,1033,1.0
2182,208,1.0
2183,690,1.0
2186,2917,1.0
2187,3344,1.0
219,244,1.0
2191,1070,1.0
2192,3404,1.0
2195,2666,1.0
2199,3580,1.0
22,124,1.0
220,17,1.0
2200,2204,1.0
221,283,1.0
2210,3514,1.0
2212,2911,1.0
2215,714,1.0
2217,2160,1.0
2218,1334,1.0
222,254,1.0
2220,3673,1.0
2224,1494,1.0
2225,3164,1.0
2226,2569,1.0
223,355,1.0
2231,1901,1.0
2232,1745,1.0
2233,2567,1.0
2234,2721,1.0
2235,2544,1.0
224,304,1.0
2243,2451,1.0
2244,3463,1.0
2246,161,1.0
2247,1830,1.0
2249,3229,1.0
225,83,1.0
2251,2519,1.0
2258,3803,1.0
226,259,1.0
2260,1562,1.0
2267,1734,1.0
2268,3427,1.0
227,973,1.0
2274,3168,1.0
2277,3598,1.0
2279,3343,1.0
228,542,1.0
2285,2940,1.0
2287,2422,1.0
2288,2040,1.0
229,1273,1.0
2290,675,1.0
2292,964,1.0
2293,1595,1.0
2294,2476,1.0
2296,1653,1.0
2297,1509,1.0
2298,1617,1.0
23,121,1.0
230,316,1.0
2301,3398,1.0
2302,240,1.0
2303,2584,1.0
231,448,1.0
2313,826,1.0
2315,298,1.0
2316,1486,1.0
2318,1806,1.0
232,351,1.0
2323,2331,1.0
2324,3003,1.0
2325,2007,1.0
233,1139,1.0
2332,910,1.0
2333,1899,1.0
2338,189,1.0
234,772,1.0
2341,1244,1.0
2344,2201,1.0
2345,3077,1.0
2346,2392,1.0
2347,2699,1.0
2349,519,1.0
235,1310,1.0
2353,1762,1.0
2355,2623,1.0
2358,734,1.0
2359,3626,1.0
236,971,1.0
2361,2684,1.0
2362,2215,1.0
2363,1152,1.0
2364,3079,1.0
2365,2952,1.0
237,876,1.0
2370,3051,1.0
2374,2578,1.0
2375,2424,1.0
2376,469,1.0
2377,1600,1.0
238,1337,1.0
2381,1836,1.0
2382,3002,1.0
2387,2274,1.0
2388,1516,1.0
239,1763,1.0
2390,846,1.0
2392,2552,1.0
2393,3275,1.0
2394,3237,1.0
2395,2589,1.0
24,87,1.0
240,1890,1.0
2400,2630,1.0
2401,3241,1.0
2403,3739,1.0
2404,1834,1.0
2405,518,1.0
2406,975,1.0
2409,482,1.0
2410,907,1.0
2414,1275,1.0
2419,141,1.0
242,1661,1.0
2420,2065,1.0
2425,3383,1.0
2426,1341,1.0
2427,543,1.0
2429,2932,1.0
2430,1585,1.0
2433,3013,1.0
2438,908,1.0
2439,2130,1.0
2442,2469,1.0
2446,1594,1.0
2448,3583,1.0
2449,3496,1.0
245,56,1.0
2452,2936,1.0
2456,312,1.0
2457,3468,1.0
2458,1818,1.0
246,228,1.0
2462,2329,1.0
2465,2288,1.0
2466,1075,1.0
2467,3589,1.0
2468,2541,1.0
247,63,1.0
2474,1131,1.0
2477,1108,1.0
2478,3564,1.0
248,1066,1.0
2481,2856,1.0
2482,2744,1.0
2483,2535,1.0
2484,780,1.0
2487,3473,1.0
2488,2395,1.0
249,989,1.0
2490,2756,1.0
2491,1528,1.0
2492,3616,1.0
2494,2210,1.0
2495,1658,1.0
25,1099,1.0
2503,2554,1.0
2505,3731,1.0
2506,1992,1.0
2507,2045,1.0
2508,3330,1.0
251,391,1.0
2513,3109,1.0
2516,1612,1.0
2517,988,1.0
2519,3768,1.0
252,1388,1.0
2520,2284,1.0
2522,1674,0.9
2523,3059,1.0
2525,2691,1.0
2527,3551,1.0
2529,1015,1.0
253,1680,1.0
2530,1614,1.0
2531,250,1.0
2533,3536,1.0
2534,594,1.0
2536,3331,1.0
2538,3612,1.0
254,686,1.0
2541,2202,1.0
2542,1484,1.0
2543,3713,1.0
2544,3298,1.0
2545,2586,1.0
2549,2893,1.0
255,1449,1.0
2550,3335,1.0
2552,3725,1.0
2553,3411,1.0
2554,90,1.0
2555,1430,1.0
2556,874,1.0
2559,336,1.0
256,1383,1.0
2561,3705,1.0
2562,2140,1.0
2567,1326,1.0
257,2192,1.0
2570,2096,1.0
2572,3856,1.0
2573,3122,1.0
2574,3646,1.0
2575,2560,1.0
2577,1105,1.0
2579,1851,1.0
258,665,1.0
2585,2996,1.0
2587,2645,1.0
259,2585,1.0
2590,3776,1.0
2592,2364,1.0
2593,319,1.0
2595,3104,1.0
2597,615,1.0
2598,1026,1.0
26,639,1.0
260,138,1.0
2600,689,1.0
2601,634,1.0
2606,3281,1.0
261,264,1.0
2611,2038,1.0
2613,3530,1.0
2616,868,1.0
2617,2850,1.0
2618,2014,1.0
262,198,1.0
2621,3508,1.0
2626,1408,1.0
2628,3187,1.0
263,1278,1.0
2630,2275,1.0
2631,3158,1.0
2633,2796,1.0
2637,1826,1.0
2639,172,1.0
264,842,1.0
2641,2804,1.0
2642,916,1.0
2644,81,1.0
2648,2564,1.0
265,276,1.0
2652,1914,1.0
2654,1002,1.0
2655,3702,1.0
2657,2294,1.0
2659,3516,1.0
266,1983,1.0
2660,1123,1.0
2663,2689,1.0
2665,473,1.0
2666,2828,1.0
267,119,1.0
2674,3576,1.0
2675,2542,1.0
2676,410,1.0
2677,2763,1.0
2678,762,1.0
268,972,1.0
2681,2259,1.0
2683,660,1.0
2684,604,1.0
2686,3560,1.0
2692,3578,1.0
2694,3872,1.0
2699,2821,1.0
270,1947,1.0
2700,3513,1.0
2701,1907,1.0
2703,3827,1.0
2705,2270,1.0
2707,332,1.0
2708,1909,1.0
271,242,1.0
2710,719,1.0
2714,1622,1.0
2716,1627,1.0
2719,571,1.0
272,261,1.0
2721,1975,1.0
2723,2218,1.0
2724,1416,1.0
2725,610,1.0
273,429,1.0
2731,515,1.0
2736,3548,1.0
274,584,1.0
2741,2146,1.0
2745,1660,1.0
2749,2283,1.0
275,1547,1.0
2750,2417,1.0
2756,3680,1.0
276,996,1.0
2760,1501,1.0
2764,3107,1.0
2767,2112,1.0
277,2346,1.0
2771,617,1.0
2772,1251,1.0
2777,3822,1.0
2779,2981,1.0
2782,938,1.0
2783,597,1.0
2787,2237,1.0
2789,2573,1.0
279,1037,1.0
2792,1153,1.0
2796,2448,1.0
28,913,1.0
280,15,1.0
2803,125,1.0
2805,488,1.0
2807,2368,1.0
281,134,1.0
2810,3339,1.0
2811,945,1.0
2814,2074,1.0
2815,26,1.0
2816,2296,1.0
2819,2900,0.9
282,1758,1.0
2823,2036,1.0
2824,3623,1.0
2825,1055,1.0
2826,1802,1.0
2830,655,1.0
2831,2249,1.0
2834,3555,1.0
2836,3740,1.0
2838,3233,1.0
284,833,1.0
2842,1641,1.0
2846,2415,1.0
2848,3484,1.0
285,2002,1.0
2852,3005,1.0
2853,993,1.0
2856,1431,1.0
2857,1940,1.0
2858,1861,1.0
286,3621,1.0
2861,2979,1.0
2865,2605,1.0
2866,3678,1.0
2867,2447,1.0
287,418,1.0
2873,3867,1.0
2875,140,1.0
2876,671,1.0
2877,3433,1.0
2879,2944,1.0
288,400,1.0
2884,1228,1.0
2889,2493,1.0
289,2672,1.0
2891,3318,1.0
2894,2357,1.0
2898,1386,1.0
2899,3840,0.9
290,810,1.0
2900,3745,1.0
2906,2059,1.0
291,2245,1.0
2911,1062,1.0
2913,669,1.0
2915,2197,1.0
2916,3249,1.0
2917,2372,1.0
2919,1731,1.0
292,205,1.0
2921,1409,1.0
2923,521,1.0
2928,1682,1.0
2929,1967,1.0
2931,2868,1.0
294,86,1.0
2940,3024,1.0
2941,1742,1.0
2942,281,1.0
2943,1305,1.0
295,412,0.9
2950,3639,1.0
2951,2522,1.0
2954,2224,1.0
2958,2260,1.0
296,229,1.0
2960,3775,1.0
2964,2732,1.0
2965,2891,1.0
2968,1028,1.0
2969,3769,1.0
297,2253,1.0
2975,2568,1.0
2978,2252,1.0
298,327,1.0
2980,2398,1.0
2981,2926,1.0
2984,520,1.0
2985,370,1.0
2988,3724,1.0
299,186,1.0
2990,1536,1.0
2991,2604,1.0
2992,1020,1.0
2994,3820,1.0
2995,2581,1.0
2998,3401,1.0
3,9,1.0
30,160,1.0
300,2137,1.0
3001,1750,1.0
3002,284,1.0
3005,2825,1.0
3007,2783,1.0
301,1021,1.0
3015,1331,1.0
3024,769,0.9
3025,1793,1.0
3026,3554,1.0
3028,2401,1.0
303,616,1.0
3030,2957,1.0
3033,1355,1.0
3037,2412,1.0
3039,3056,0.9
304,2540,1.0
3041,2175,1.0
3043,2973,1.0
3044,1991,1.0
3047,2172,1.0
3048,1511,1.0
305,742,1.0
3050,2081,1.0
3051,837,1.0
3054,3293,1.0
3056,3378,1.0
3057,419,1.0
306,2254,1.0
3061,1647,1.0
3062,600,1.0
307,1243,1.0
3074,3441,1.0
3075,2679,1.0
3076,2799,1.0
3077,166,1.0
3078,1314,1.0
3079,1787,1.0
308,1372,1.0
3081,16,1.0
3082,611,1.0
3083,1347,1.0
3087,1542,1.0
3089,2208,1.0
309,1141,1.0
3092,787,1.0
31,51,1.0
310,626,1.0
3108,1418,1.0
3109,2184,1.0
311,335,1.0
3112,3153,1.0
3118,581,1.0
3119,2396,1.0
312,637,1.0
3124,852,1.0
3128,1803,1.0
3129,2520,1.0
313,976,1.0
3134,576,1.0
314,1480,1.0
3140,758,1.0
315,1498,1.0
3154,2843,1.0
3155,1522,1.0
3159,533,1.0
316,526,1.0
3166,3608,1.0
3167,2764,1.0
3168,2653,1.0
3169,1400,1.0
317,1928,1.0
3170,2212,1.0
3171,1771,1.0
3172,1019,1.0
3174,2712,1.0
318,1045,1.0
3180,2886,1.0
3181,1517,1.0
3187,3889,1.0
319,365,1.0
3193,2667,1.0
3194,2671,1.0
3198,2570,1.0
32,183,1.0
320,1960,1.0
3200,3025,1.0
3203,446,1.0
321,1663,1.0
3212,105,1.0
3213,3097,1.0
322,22,1.0
3220,3544,1.0
3223,2962,1.0
3225,1396,1.0
3226,3143,1.0
3227,445,1.0
3229,803,1.0
323,123,1.0
3230,2307,1.0
3237,1134,1.0
324,587,1.0
3248,3777,1.0
325,3590,1.0
3250,3194,1.0
3256,1043,1.0
3257,2289,0.9
3260,3258,1.0
3262,2315,1.0
3263,2230,1.0
3264,2809,1.0
3267,3188,1.0
3268,3000,1.0
3269,882,1.0
3275,1976,1.0
328,613,1.0
3287,2983,1.0
329,2,1.0
3291,71,1.0
33,353,1.0
330,3847,1.0
3301,3064,1.0
3302,1012,1.0
3309,3690,1.0
331,1354,1.0
3310,3167,1.0
3320,3127,1.0
3325,3490,1.0
3326,3266,1.0
3328,3527,1.0
333,221,1.0
3335,741,1.0
3336,1958,1.0
3339,3520,1.0
334,915,1.0
3340,3063,1.0
3341,3221,1.0
3342,1223,1.0
3345,2750,1.0
3347,2606,1.0
335,223,1.0
3355,1203,1.0
336,294,1.0
3363,1287,1.0
3368,1855,1.0
3369,1260,1.0
3375,619,1.0
3377,3831,1.0
338,1588,1.0
3384,3163,1.0
339,438,1.0
3390,3778,1.0
3396,3075,1.0
3397,1867,1.0
3398,1068,1.0
34,441,1.0
340,1657,1.0
3403,245,1.0
341,111,1.0
3410,2963,1.0
3412,1321,1.0
3417,897,1.0
3419,3772,1.0
342,1964,1.0
3420,3367,1.0
3421,1177,1.0
3422,2582,0.9
343,887,1.0
3438,1944,1.0
344,1330,1.0
345,1193,1.0
346,1147,1.0
3460,3078,1.0
3465,878,1.0
3466,2176,1.0
3477,1844,1.0
348,6,1.0
3489,3756,1.0
3492,2587,1.0
3498,1390,1.0
35,117,1.0
350,3084,1.0
3509,3191,1.0
351,390,1.0
3513,1482,1.0
352,1181,1.0
3524,3338,1.0
3525,3205,1.0
3526,3753,1.0
3528,2864,1.0
353,739,1.0
3530,137,1.0
3531,3379,1.0
3533,2680,1.0
3535,3704,1.0
3536,3043,1.0
3539,3465,1.0
354,1414,1.0
3541,1573,1.0
3543,3018,1.0
355,663,1.0
3557,2920,1.0
3558,2757,1.0
356,1952,1.0
3565,2005,1.0
3566,3413,1.0
357,2233,1.0
3571,1413,1.0
3574,1365,1.0
3575,3744,1.0
3578,2785,1.0
358,2375,1.0
359,3126,1.0
3591,3469,1.0
36,1,1.0
360,984,1.0
3601,2157,1.0
3605,1840,1.0
3609,2812,1.0
361,1531,1.0
3610,886,1.0
3613,3307,1.0
3618,856,1.0
362,2273,1.0
3620,2330,1.0
3621,3563,1.0
3623,2341,1.0
3625,2609,1.0
3626,3833,1.0
363,546,1.0
3631,1775,1.0
3632,2977,1.0
3633,2416,1.0
3635,2970,1.0
3639,3332,1.0
364,2431,1.0
3642,396,1.0
3643,1187,1.0
3647,1997,1.0
3652,2516,1.0
366,3870,1.0
3660,2611,1.0
3666,2971,1.0
3668,3144,1.0
3669,680,1.0
367,854,1.0
3670,2731,1.0
368,1072,1.0
3680,3826,1.0
369,1089,1.0
3692,397,1.0
3696,516,0.9
370,323,1.0
3703,3169,1.0
3705,935,1.0
3706,1581,1.0
3714,2034,1.0
3717,2792,1.0
372,2084,1.0
3720,1256,1.0
3721,1910,1.0
3723,2915,1.0
3725,3874,1.0
3727,3628,1.0
3729,1343,1.0
373,1488,1.0
3735,2187,1.0
3736,2511,1.0
374,110,1.0
3742,2056,1.0
3744,468,1.0
3745,1515,1.0
375,1121,1.0
3750,1797,1.0
3752,2350,1.0
3753,2376,1.0
376,731,1.0
3760,3184,1.0
3764,3420,1.0
3766,1502,1.0
3767,3800,1.0
377,307,1.0
3772,2393,1.0
3778,3039,1.0
378,695,1.0
3780,2958,1.0
3786,2477,1.0
3790,1254,1.0
3793,2471,1.0
3796,508,1.0
38,1439,1.0
380,286,1.0
3802,2384,1.0
3803,1847,1.0
3806,2110,1.0
381,1417,1.0
3811,1333,1.0
3818,2742,1.0
3820,3285,1.0
3823,3736,1.0
3826,1773,1.0
383,1945,1.0
3831,1425,1.0
3832,3727,1.0
3836,2631,1.0
384,879,1.0
3840,13,1.0
3841,2225,1.0
3843,2526,1.0
3848,1799,1.0
385,1235,1.0
3850,1508,1.0
3851,3193,1.0
3852,1368,1.0
3856,2988,1.0
386,560,1.0
3862,3510,1.0
3865,54,1.0
3869,190,1.0
387,1995,1.0
3874,2333,1.0
3875,1367,1.0
388,946,1.0
3884,3451,1.0
3888,2170,1.0
389,1747,1.0
3891,1296,1.0
3893,1295,1.0
3894,1888,1.0
3897,3545,1.0
3899,2967,1.0
390,599,1.0
3900,2101,1.0
3903,2945,1.0
3907,3116,1.0
391,477,1.0
3914,3426,1.0
3918,313,1.0
3919,2648,1.0
3925,1987,1.0
3939,2617,1.0
394,2136,1.0
3940,27,1.0
3943,2126,1.0
395,1375,1.0
3953,3157,1.0
3957,101,1.0
396,867,1.0
3960,2205,1.0
3963,3225,1.0
3965,2371,1.0
3967,1670,1.0
397,1884,1.0
3971,2873,1.0
3977,2453,1.0
398,2461,1.0
3980,3862,1.0
3983,1749,1.0
3984,1931,1.0
399,1534,1.0
3995,1101,1.0
4,182,0.9
40,216,1.0
401,2165,1.0
402,3495,1.0
403,2863,1.0
404,2583,1.0
405,148,1.0
406,411,1.0
408,1586,1.0
409,1859,1.0
41,406,1.0
411,676,1.0
412,859,1.0
413,478,1.0
414,47,1.0
415,293,1.0
418,598,1.0
419,1543,1.0
42,91,1.0
420,341,1.0
421,2978,1.0
422,2267,1.0
423,1381,1.0
424,1913,1.0
425,3283,1.0
427,2383,1.0
428,2379,1.0
429,107,1.0
43,177,1.0
430,2122,1.0
431,492,1.0
432,154,1.0
433,952,1.0
434,3497,1.0
435,368,1.0
436,2123,1.0
437,470,1.0
438,1920,1.0
439,612,1.0
44,527,1.0
440,981,1.0
441,2183,1.0
444,500,1.0
445,614,1.0
446,567,1.0
447,2189,1.0
448,369,1.0
449,730,1.0
450,822,1.0
451,2931,1.0
452,834,1.0
453,813,1.0
455,2265,1.0
456,2161,1.0
458,1904,1.0
459,156,1.0
46,497,1.0
460,3295,1.0
461,272,1.0
462,1456,1.0
463,559,1.0
464,2087,1.0
465,3493,1.0
466,1435,1.0
467,1654,1.0
469,591,1.0
47,170,1.0
471,2827,1.0
472,2387,1.0
473,314,1.0
474,640,1.0
475,296,1.0
476,1352,1.0
479,2872,1.0
48,112,1.0
481,8,1.0
482,923,1.0
485,955,1.0
486,674,1.0
487,1157,1.0
488,226,0.9
489,1130,1.0
49,179,1.0
490,1659,1.0
491,1618,1.0
492,471,1.0
493,1473,1.0
494,3786,1.0
495,662,1.0
496,2853,1.0
497,749,1.0
498,432,1.0
499,498,1.0
5,178,1.0
50,200,0.9
500,968,1.0
501,1262,1.0
503,349,1.0
504,1996,1.0
505,848,1.0
506,2207,1.0
507,2914,1.0
508,266,1.0
509,2209,1.0
51,1049,1.0
512,3649,1.0
513,3624,1.0
514,1014,1.0
516,404,1.0
518,2620,1.0
519,1236,1.0
52,11,1.0
520,2214,1.0
521,2408,1.0
522,951,1.0
523,1426,1.0
524,1186,1.0
525,1412,1.0
528,207,1.0
529,3146,1.0
53,77,1.0
530,1143,1.0
532,2048,1.0
533,175,1.0
534,1042,1.0
535,1623,1.0
536,1529,1.0
537,2773,1.0
539,954,1.0
541,1537,1.0
542,1597,1.0
543,540,1.0
544,3207,1.0
545,2058,1.0
546,2021,1.0
547,2115,1.0
548,2086,1.0
549,832,1.0
55,34,1.0
550,491,1.0
551,1708,1.0
552,698,1.0
553,900,1.0
554,97,1.0
555,291,1.0
556,1677,1.0
558,422,1.0
559,2543,1.0
56,62,1.0
560,3327,1.0
561,2574,1.0
562,727,1.0
563,1607,1.0
564,3456,1.0
565,1442,1.0
566,650,1.0
567,38,1.0
569,1052,1.0
57,165,1.0
570,3394,1.0
573,3148,1.0
575,1935,1.0
576,977,1.0
577,1335,1.0
578,2116,1.0
579,798,1.0
58,865,1.0
581,248,1.0
582,3819,1.0
584,1917,1.0
585,1755,1.0
586,1170,1.0
587,1665,1.0
59,790,1.0
590,1769,1.0
591,1029,1.0
592,1129,1.0
593,823,1.0
594,499,1.0
595,3431,1.0
596,2421,1.0
597,1127,1.0
598,2158,1.0
599,206,1.0
6,35,1.0
60,147,0.9
60,76,1.0
600,2394,1.0
602,1022,1.0
603,3,1.0
604,1487,1.0
605,781,1.0
606,3661,1.0
608,1876,1.0
609,3019,1.0
61,88,1.0
610,638,1.0
611,2738,1.0
612,1038,1.0
613,385,1.0
615,978,1.0
618,3723,1.0
619,853,1.0
62,881,1.0
620,3584,1.0
622,588,1.0
623,1000,1.0
624,2527,1.0
625,143,1.0
626,2243,0.9
627,359,0.8
628,423,1.0
630,1025,1.0
631,507,1.0
632,1639,1.0
634,994,1.0
635,502,1.0
638,2124,1.0
639,1930,1.0
64,58,1.0
640,303,1.0
641,2419,1.0
642,755,1.0
645,679,1.0
646,2508,0.9
647,3319,1.0
649,792,1.0
65,60,1.0
650,1459,1.0
651,3362,1.0
652,72,1.0
654,1088,1.0
656,1209,1.0
657,3824,1.0
658,1497,1.0
659,658,1.0
66,443,1.0
661,2188,1.0
662,3326,1.0
663,750,1.0
664,19,1.0
666,458,1.0
67,70,1.0
670,496,1.0
671,1166,1.0
672,1926,1.0
673,1953,1.0
674,760,1.0
675,866,1.0
676,1738,1.0
677,1201,1.0
678,417,1.0
679,1565,1.0
68,41,1.0
680,1036,1.0
681,709,1.0
682,901,1.0
683,153,1.0
684,2109,1.0
685,2088,1.0
686,408,1.0
687,457,1.0
688,133,1.0
69,139,1.0
691,565,1.0
692,736,1.0
693,1506,1.0
694,3132,1.0
696,115,1.0
697,1138,1.0
698,2343,1.0
7,94,0.9
70,116,1.0
700,1102,1.0
701,1299,1.0
703,869,1.0
704,3477,1.0
705,747,1.0
706,1939,0.9
707,1563,1.0
708,2928,1.0
709,1301,1.0
71,352,1.0
710,2049,1.0
711,3857,1.0
712,2181,1.0
713,176,1.0
714,2147,1.0
716,1385,1.0
718,1248,1.0
72,285,1.0
720,2206,1.0
721,3602,1.0
723,1711,1.0
724,3112,1.0
725,2047,1.0
727,1168,1.0
728,347,1.0
729,395,1.0
73,393,1.0
730,1259,1.0
731,211,1.0
732,3434,1.0
733,670,1.0
734,2108,1.0
735,514,1.0
736,645,1.0
737,151,1.0
738,664,1.0
739,726,1.0
74,764,1.0
740,1378,1.0
741,3026,1.0
742,2976,1.0
745,1869,1.0
747,1267,1.0
748,3683,1.0
75,65,1.0
751,3657,1.0
752,3688,1.0
753,2145,1.0
754,237,1.0
755,967,1.0
756,1719,1.0
757,1832,1.0
758,2445,1.0
76,487,1.0
763,92,1.0
764,2351,1.0
766,2334,1.0
767,2156,1.0
769,2271,1.0
77,330,1.0
771,1532,1.0
774,475,1.0
775,2135,1.0
776,1452,1.0
777,1671,1.0
779,1011,1.0
78,345,1.0
781,155,1.0
782,356,1.0
786,1211,1.0
787,2338,1.0
788,2150,1.0
789,2747,1.0
79,545,1.0
790,1110,1.0
791,3462,1.0
792,84,1.0
793,184,1.0
794,2232,1.0
798,2313,1.0
799,2561,1.0
80,357,1.0
802,249,1.0
804,311,1.0
806,1679,1.0
807,1079,1.0
808,1394,1.0
809,1173,1.0
81,239,1.0
810,3273,1.0
811,1811,1.0
812,2833,1.0
814,3134,1.0
815,1246,1.0
817,547,1.0
818,982,1.0
819,1828,1.0
82,493,1.0
820,2198,1.0
821,1116,1.0
822,201,1.0
823,3719,1.0
825,1176,1.0
826,1169,1.0
827,474,1.0
828,2411,1.0
829,1835,1.0
83,530,1.0
830,1113,1.0
832,2855,1.0
833,1044,1.0
836,1766,1.0
837,1377,1.0
838,3788,1.0
839,2838,1.0
84,103,1.0
841,2001,1.0
842,2939,1.0
843,648,1.0
844,1270,1.0
845,467,1.0
848,890,1.0
849,903,1.0
853,3481,1.0
854,1558,1.0
855,509,1.0
857,1117,1.0
858,1611,1.0
859,1280,1.0
86,225,1.0
860,1279,1.0
861,2282,1.0
862,279,1.0
863,1994,0.9
864,1765,1.0
866,802,1.0
867,20,1.0
869,1344,1.0
87,180,1.0
870,358,1.0
871,1346,1.0
872,573,1.0
873,844,1.0
876,59,1.0
878,3053,1.0
88,295,1.0
880,3210,1.0
881,1230,1.0
882,1825,1.0
883,1144,1.0
885,995,1.0
886,770,1.0
887,821,1.0
888,3259,1.0
89,409,1.0
891,3395,1.0
892,1086,1.0
893,683,1.0
894,2317,1.0
895,3799,1.0
896,743,1.0
897,455,1.0
898,282,1.0
899,3375,1.0
9,132,1.0
90,196,1.0
900,451,1.0
902,2344,1.0
903,271,1.0
904,1024,1.0
905,1770,1.0
906,2500,1.0
908,53,1.0
909,3811,1.0
91,144,1.0
910,2758,1.0
912,3222,1.0
913,1165,1.0
914,2668,1.0
917,1576,1.0
918,3102,1.0
919,550,1.0
920,1215,1.0
922,2882,1.0
923,1705,1.0
924,2144,1.0
926,1091,1.0
929,2985,1.0
930,3391,1.0
931,733,1.0
932,753,1.0
933,464,1.0
935,2321,1.0
936,2496,1.0
939,2532,1.0
94,366,1.0
940,3346,1.0
941,827,1.0
942,2734,1.0
946,1561,1.0
949,1281,1.0
95,479,1.0
950,3675,1.0
951,1599,1.0
952,3506,1.0
953,1429,0.9
954,3001,1.0
956,1510,1.0
957,608,1.0
958,277,1.0
959,1454,1.0
96,1898,1.0
960,1064,1.0
961,3846,1.0
962,2754,1.0
964,2597,1.0
965,1777,1.0
966,2154,1.0
967,855,1.0
97,480,1.0
971,3349,1.0
973,2010,1.0
974,334,1.0
976,247,1.0
977,3139,1.0
978,262,1.0
979,2046,1.0
98,589,1.0
980,2602,1.0
981,1789,1.0
982,788,1.0
983,3627,1.0
984,2607,1.0
985,2999,1.0
986,1247,1.0
99,89,1.0
990,1788,1.0
993,873,1.0
994,1902,1.0
995,1214,1.0
996,275,1.0
